100

    0.8844621514 -3330.0000000000
    4.6473859844  4178.0000000000
   -0.0233617568   200.0000000000
    0.6347644949 -5485.0000000000
   -0.8800000000  3168.0000000000
   -1.7052387965  8105.0000000000
   -0.8075476277  6655.0000000000
    1.1454901961 -8763.0000000000
   -0.1662329551 -1597.0000000000
    0.8234013067 -4159.0000000000
  -13.7554269175 -9505.0000000000
   -0.0870314520   404.0000000000
   -7.9257294430  8964.0000000000
   -3.0633544515 -9187.0000000000
   -2.7226562500 -2788.0000000000
   -2.2867886688 -9122.0000000000
    1.5459730384 -8945.0000000000
   -2.2776243094  6596.0000000000
    1.3157005239  7785.0000000000
   -0.4054594826  2837.0000000000
    0.3984410303 -3527.0000000000
    1.4536394376  8168.0000000000
   -0.1343897608  -882.0000000000
    0.5880706288 -5462.0000000000
   -0.8648973059  6485.0000000000
   -0.2316619718  2056.0000000000
    0.9479879276  9423.0000000000
    0.3027019971  2319.0000000000
    1.7144603563 -9817.0000000000
    1.5584632517  8397.0000000000
   -9.1643489254 -7249.0000000000
   -1.0808841389 -4450.0000000000
    0.1074459058  1013.0000000000
    0.2741700641 -1883.0000000000
   -4.9007314525  9380.0000000000
   -3.3792511165 -9837.0000000000
   -0.4490267239 -1361.0000000000
   -0.2881679389   604.0000000000
    6.8718783931 -6329.0000000000
   -0.5548083389 -3300.0000000000
    0.7581093605 -4090.0000000000
    1.1698338712 -9788.0000000000
   -0.7323556370  -799.0000000000
    1.6330138445  7667.0000000000
   -0.2176679768 -1163.0000000000
   -1.6453957997  4074.0000000000
   -2.6759088108  8686.0000000000
    0.2273916836   782.0000000000
   -0.4359484933  3284.0000000000
    3.0495540139  9231.0000000000
   -0.6687870464  4626.0000000000
    0.4747873003  4576.0000000000
   -1.0839869906 -5666.0000000000
   -0.3894230769 -1944.0000000000
   -1.0974544359 -7286.0000000000
    1.2734150796 -9762.0000000000
   40.6194690265  4590.0000000000
    2.0482142857  8029.0000000000
   -1.0588409664 -7144.0000000000
    0.0188575210   171.0000000000
    1.3823951523 -8669.0000000000
   -1.0982284506  8307.0000000000
    0.5917871602 -5116.0000000000
    0.2057142857  -108.0000000000
    5.0350665054 -8328.0000000000
    1.0844943007  5994.0000000000
    3.2272727273 -6106.0000000000
    0.0030502112    26.0000000000
    1.1110372340 -8355.0000000000
   -0.9189713236 -9005.0000000000
   -4.0282442748 -5277.0000000000
   -0.3146876385  2841.0000000000
   -0.5115318417  1486.0000000000
    4.1478060046 -3592.0000000000
   -1.7358250699 -6827.0000000000
    0.8702402957 -2354.0000000000
   -1.3234158528  5827.0000000000
   -8.5736994220  5933.0000000000
    0.6894968051  3453.0000000000
   -0.4039249783 -3252.0000000000
    1.3875338753 -6144.0000000000
   -0.8558033452 -6754.0000000000
   -7.7582329317 -9659.0000000000
    0.4050925926   525.0000000000
    4.1562284928 -6039.0000000000
   -5.7488494412 -8744.0000000000
   -0.6237963329  4729.0000000000
   -4.0721262209  5420.0000000000
    0.3006877990 -2011.0000000000
   -4.1100000000 -1644.0000000000
    1.2919770164 -6071.0000000000
    0.6766262592  3963.0000000000
   -0.6889903602 -6790.0000000000
   -1.3967634735 -9667.0000000000
   -0.2949459666 -2702.0000000000
    0.4303771662 -4222.0000000000
    1.2036971205  3386.0000000000
    1.3101726649  6298.0000000000
    2.5897658283  2986.0000000000
   -1.2072904010 -4968.0000000000